Dref.cm
0.367724780125317 -2.19722457733622 -0.587786664902119 0.635988766719997
0.0 0.0 0.0 0.0
0.635988766719997 -2.19722457733622 -2.19722457733622 0.635988766719997
-2.19722457733622 -2.19722457733622 -2.19722457733622 1.29928298413026
1.29928298413026 -2.19722457733622 -2.19722457733622 -2.19722457733622
-2.19722457733622 -2.19722457733622 -2.19722457733622 1.29928298413026
-2.19722457733622 1.29928298413026 -2.19722457733622 -2.19722457733622
-2.19722457733622 -2.19722457733622 1.29928298413026 -2.19722457733622
1.02165124753198 0.0 -2.19722457733622 -2.19722457733622
0.0 -0.587786664902119 -2.19722457733622 0.847297860387204
0.847297860387204 -0.587786664902119 -0.587786664902119 -0.587786664902119
0.635988766719997 -0.587786664902119 0.367724780125317 -2.19722457733622